user	hotel
1	56
2	56
3	56
4	56
5	56
6	39
7	56
8	56
9	56
10	56
11	56
12	56
13	39
14	56
15	39
16	60
17	39
18	56
19	39
20	39
21	39
22	56
23	56
24	56
25	56
26	39
27	56
28	56
29	56
30	56
31	56
32	56
33	56
34	56
35	56
36	56
37	56
38	56
39	56
40	56
41	39
42	39
43	56
44	56
45	56
46	56
47	56
48	60
49	56
50	56
51	56
52	56
53	39
54	56
55	60
56	56
57	56
58	56
59	56
60	56
61	60
62	39
63	39
64	56
65	56
66	56
67	56
68	56
69	39
70	39
71	56
72	56
73	56
74	39
75	39
76	39
77	56
78	56
79	56
80	56
81	56
82	56
83	56
84	56
85	6
86	56
87	39
88	39
89	56
90	39
91	39
92	56
93	56
94	56
95	56
96	56
97	56
98	56
99	56
100	56
101	56
102	56
103	56
104	56
105	56
106	56
107	56
108	39
109	56
110	39
111	56
112	56
113	56
114	56
115	56
116	56
117	56
118	56
119	56
120	56
121	56
122	56
123	56
124	56
125	56
126	56
127	56
128	56
129	56
130	56
131	56
132	56
133	56
134	39
135	56
136	56
137	56
138	56
139	56
140	60
141	56
142	60
143	56
144	56
145	56
146	56
147	56
148	56
149	60
150	56
151	39
152	60
153	39
154	56
155	56
156	56
157	56
158	56
159	56
160	56
161	56
162	56
163	56
164	56
165	56
166	56
167	56
168	39
169	56
170	56
171	56
172	56
173	56
174	17
175	56
176	60
177	56
178	56
179	56
180	56
181	39
182	56
183	56
184	39
185	56
186	56
187	39
188	56
189	56
190	56
191	56
192	56
193	56
194	56
195	56
196	56
197	39
198	56
199	56
200	56
201	39
202	56
203	39
204	39
205	56
206	56
207	56
208	56
209	56
210	39
211	56
212	37
213	56
214	56
215	39
216	56
217	56
218	56
219	56
220	56
221	56
222	17
223	56
224	56
225	56
226	56
227	56
228	39
229	39
230	39
231	60
232	39
233	56
234	56
235	56
236	56
237	56
238	56
239	39
240	56
241	56
242	56
243	56
244	56
245	56
246	56
247	56
248	39
249	56
250	56
251	39
252	56
253	39
254	56
255	56
256	56
257	39
258	56
259	60
260	56
261	56
262	56
263	39
264	56
265	56
266	39
267	56
268	56
269	56
270	56
271	56
272	56
273	39
274	37
275	39
276	56
277	56
278	56
279	56
280	56
281	56
282	56
283	60
284	39
285	56
286	39
287	56
288	39
289	56
290	56
291	56
292	56
293	56
294	39
295	39
296	56
297	56
298	56
299	56
300	60
301	56
302	56
303	46
304	56
305	56
306	6
307	56
308	60
309	56
310	39
311	56
312	56
313	56
314	56
315	56
316	56
317	56
318	56
319	56
320	56
321	56
322	56
323	56
324	56
325	56
326	39
327	56
328	39
329	56
330	56
331	56
332	56
333	56
334	56
335	56
336	56
337	56
338	56
339	39
340	56
341	56
342	56
343	37
344	56
345	56
346	56
347	60
348	56
349	39
350	56
351	56
352	39
353	39
354	56
355	56
356	39
357	39
358	56
359	60
360	39
361	56
362	56
363	56
364	56
365	39
366	39
367	37
368	56
369	56
370	56
371	56
372	39
373	39
374	56
375	56
376	56
377	56
378	56
379	56
380	56
381	56
382	56
383	56
384	39
385	56
386	39
387	56
388	56
389	56
390	39
391	56
392	56
393	56
394	56
395	39
396	56
397	56
398	56
399	56
400	56
401	56
402	56
403	39
404	39
405	56
406	56
407	56
408	39
409	56
410	60
411	56
412	56
413	56
414	56
415	60
416	39
417	56
418	39
419	56
420	56
421	56
422	56
423	56
424	56
425	56
426	56
427	56
428	56
429	39
430	39
431	56
432	39
433	39
434	56
435	56
436	56
437	56
438	56
439	39
440	56
441	56
442	56
443	39
444	39
445	56
446	39
447	39
448	39
449	56
450	56
451	56
452	56
453	56
454	39
455	56
456	56
457	56
458	56
459	37
460	56
461	56
462	39
463	39
464	56
465	56
466	56
467	56
468	56
469	56
470	17
471	56
472	56
473	56
474	56
475	56
476	56
477	56
478	39
479	56
480	56
481	56
482	56
483	39
484	56
485	39
486	56
487	56
488	56
489	56
490	39
491	56
492	56
493	56
494	56
495	56
496	39
497	56
498	56
499	56
500	56
501	56
502	56
503	39
504	56
505	56
506	39
507	56
508	56
509	56
510	56
511	56
512	56
513	56
514	39
515	56
516	56
517	56
518	56
519	60
520	56
521	39
522	56
523	39
524	56
525	56
526	39
527	56
528	56
529	56
530	56
531	56
532	56
533	56
534	56
535	56
536	56
537	56
538	56
539	39
540	56
541	56
542	56
543	56
544	56
545	56
546	56
547	56
548	56
549	56
550	56
551	56
552	17
553	39
554	56
555	39
556	56
557	39
558	56
559	39
560	56
561	56
562	56
563	56
564	56
565	56
566	56
567	56
568	56
569	60
570	56
571	56
572	56
573	56
574	56
575	56
576	56
577	56
578	56
579	39
580	56
581	56
582	56
583	56
584	56
585	56
586	56
587	56
588	56
589	39
590	56
591	56
592	56
593	56
594	39
595	39
596	39
597	56
598	56
599	39
600	56
601	56
602	56
603	39
604	56
605	56
606	56
607	56
608	60
609	56
610	56
611	39
612	56
613	56
614	39
615	56
616	56
617	56
618	60
619	56
620	39
621	39
622	56
623	60
624	56
625	56
626	39
627	56
628	56
629	56
630	56
631	56
632	56
633	56
634	56
635	56
636	39
637	56
638	56
639	60
640	56
641	56
642	56
643	56
644	56
645	39
646	56
647	39
648	56
649	56
650	60
651	39
652	56
653	39
654	56
655	56
656	56
657	56
658	39
659	56
660	56
661	56
662	39
663	39
664	56
665	56
666	56
667	56
668	56
669	56
670	56
671	56
672	56
673	39
674	56
675	56
676	56
677	56
678	56
679	56
680	39
681	56
682	56
683	56
684	56
685	56
686	56
687	56
688	56
689	56
690	56
691	56
692	39
693	56
694	39
695	56
696	56
697	56
698	56
699	56
700	56
701	39
702	56
703	56
704	56
705	56
706	56
707	37
708	39
709	39
710	56
711	56
712	56
713	56
714	56
715	56
716	56
717	56
718	39
719	56
720	56
721	56
722	56
723	56
724	39
725	56
726	56
727	39
728	56
729	56
730	56
731	56
732	56
733	56
734	56
735	56
736	56
737	56
738	56
739	56
740	56
741	56
742	39
743	56
744	56
745	56
746	56
747	60
748	56
749	56
750	37
751	39
752	56
753	56
754	56
755	39
756	56
757	56
758	56
759	56
760	56
761	56
762	56
763	56
764	56
765	56
766	37
767	56
768	56
769	56
770	39
771	56
772	56
773	39
774	56
775	39
776	56
777	39
778	56
779	39
780	56
781	39
782	60
783	39
784	56
785	60
786	39
787	56
788	39
789	56
790	39
791	56
792	56
793	56
794	39
795	56
796	56
797	56
798	39
799	56
800	56
801	56
802	56
803	56
804	56
805	56
806	56
807	56
808	56
809	56
810	56
811	56
812	39
813	56
814	56
815	60
816	60
817	56
818	56
819	39
820	56
821	60
822	56
823	56
824	56
825	39
826	56
827	56
828	56
829	56
830	56
831	39
832	56
833	56
834	39
835	56
836	56
837	39
838	56
839	56
840	56
841	56
842	56
843	39
844	56
845	56
846	56
847	56
848	39
849	56
850	60
851	39
852	56
853	56
854	56
855	56
856	56
857	56
858	56
859	56
860	56
861	39
862	56
863	56
864	60
865	39
866	56
867	56
868	56
869	56
870	56
871	56
872	56
873	56
874	56
875	39
876	39
877	56
878	60
879	39
880	56
881	56
882	56
883	39
884	56
885	56
886	56
887	56
888	56
889	39
890	56
891	56
892	60
893	56
894	56
895	56
896	56
897	56
898	39
899	56
900	56
901	39
902	56
903	39
904	56
905	56
906	56
907	56
908	56
909	56
910	56
911	56
912	56
913	56
914	56
915	56
916	56
917	39
918	56
919	39
920	56
921	39
922	56
923	56
924	39
925	39
926	56
927	60
928	56
929	56
930	56
931	56
932	56
933	39
934	39
935	39
936	56
937	56
938	56
939	56
940	56
941	56
942	39
943	56
944	56
945	56
946	56
947	56
948	39
949	56
950	56
951	56
952	56
953	39
954	56
955	39
956	56
957	56
958	56
959	56
960	56
961	56
962	56
963	39
964	56
965	56
966	56
967	56
968	60
969	56
970	56
971	39
972	56
973	56
974	39
975	39
976	56
977	56
978	56
979	56
980	56
981	56
982	39
983	56
984	56
985	56
986	56
987	39
988	56
989	39
990	56
991	56
992	56
993	39
994	39
995	39
996	39
997	56
998	56
999	56
1000	56
1001	56
1002	56
1003	56
1004	60
1005	56
1006	39
1007	56
1008	56
1009	39
1010	56
1011	39
1012	56
1013	56
1014	56
1015	56
1016	39
1017	56
1018	56
1019	56
1020	56
1021	39
1022	56
1023	56
1024	56
1025	56
1026	56
1027	56
1028	56
1029	56
1030	39
1031	56
1032	56
1033	37
1034	56
1035	39
1036	39
1037	56
1038	56
1039	56
1040	56
1041	56
1042	56
1043	56
1044	60
1045	39
1046	60
1047	39
1048	56
1049	56
1050	56
1051	56
1052	56
1053	56
1054	56
1055	56
1056	39
1057	56
1058	56
1059	39
1060	56
1061	56
1062	56
1063	56
1064	56
1065	56
1066	56
1067	39
1068	39
1069	56
1070	56
1071	56
1072	56
1073	39
1074	39
1075	39
1076	39
1077	56
1078	56
1079	56
1080	60
1081	56
1082	56
1083	56
1084	39
1085	56
1086	56
1087	56
1088	56
1089	56
1090	56
1091	56
1092	56
1093	56
1094	56
1095	39
1096	56
1097	56
1098	56
1099	56
1100	56
1101	56
1102	39
1103	56
1104	56
1105	56
1106	56
1107	56
1108	56
1109	56
1110	56
1111	56
1112	39
1113	56
1114	56
1115	56
1116	56
1117	56
1118	56
1119	39
1120	56
1121	39
1122	56
1123	56
1124	39
1125	56
1126	56
1127	56
1128	56
1129	39
1130	56
1131	56
1132	56
1133	56
1134	56
1135	56
1136	56
1137	39
1138	56
1139	56
1140	56
1141	56
1142	56
1143	39
1144	56
1145	56
1146	39
1147	56
1148	56
1149	56
1150	56
1151	56
1152	56
1153	56
1154	56
1155	56
1156	39
1157	56
1158	56
1159	39
1160	56
1161	56
1162	56
1163	56
1164	56
1165	56
1166	56
1167	56
1168	56
1169	56
1170	56
1171	56
1172	56
1173	39
1174	56
1175	56
1176	56
1177	56
1178	56
1179	39
1180	56
1181	39
1182	56
1183	56
1184	56
1185	56
1186	56
1187	56
1188	60
1189	56
1190	56
1191	60
1192	39
1193	39
1194	39
1195	56
1196	39
1197	56
1198	56
1199	56
1200	56
1201	56
1202	56
1203	39
1204	56
1205	39
1206	56
1207	56
1208	56
1209	56
1210	56
1211	60
1212	56
1213	56
1214	39
1215	56
1216	56
1217	39
1218	56
1219	56
1220	56
1221	56
1222	56
1223	56
1224	56
1225	56
1226	56
1227	39
1228	56
1229	56
1230	56
1231	56
1232	56
1233	39
1234	56
1235	56
1236	56
1237	56
1238	56
1239	39
1240	56
1241	56
1242	56
1243	39
1244	56
1245	56
1246	56
1247	56
1248	56
1249	56
1250	39
1251	56
1252	56
1253	56
1254	37
1255	56
1256	39
1257	56
1258	39
1259	6
1260	39
1261	56
1262	60
1263	56
1264	56
1265	56
1266	56
1267	56
1268	56
1269	39
1270	56
1271	56
1272	56
1273	56
1274	39
1275	56
1276	56
1277	56
1278	39
1279	56
1280	56
1281	56
1282	56
1283	39
1284	56
1285	56
1286	56
1287	56
1288	56
1289	56
1290	56
1291	56
1292	56
1293	56
1294	56
1295	56
1296	56
1297	60
1298	56
1299	56
1300	56
1301	39
1302	56
1303	56
1304	56
1305	56
1306	56
1307	56
1308	56
1309	56
1310	56
1311	56
1312	56
1313	56
1314	56
1315	39
1316	39
1317	56
1318	56
1319	56
1320	56
1321	56
1322	39
1323	56
1324	56
1325	56
1326	56
1327	56
1328	56
1329	56
1330	56
1331	56
1332	39
1333	56
1334	39
1335	60
1336	56
1337	56
1338	39
1339	39
1340	56
1341	56
1342	56
1343	56
1344	56
1345	39
1346	56
1347	56
1348	39
1349	39
1350	56
1351	39
1352	56
1353	56
1354	39
1355	56
1356	56
1357	56
1358	56
1359	56
1360	56
1361	56
1362	56
1363	56
1364	56
1365	56
1366	56
1367	37
1368	39
1369	39
1370	39
1371	56
1372	39
1373	56
1374	39
1375	56
1376	39
1377	56
1378	56
1379	56
1380	39
1381	56
1382	56
1383	56
1384	56
1385	56
1386	56
1387	56
1388	56
1389	39
1390	56
1391	56
1392	56
1393	56
1394	56
1395	56
1396	56
1397	56
1398	39
1399	56
1400	56
1401	56
1402	39
1403	56
1404	39
1405	56
1406	60
1407	56
1408	39
1409	56
1410	56
1411	56
1412	56
1413	56
1414	56
1415	56
1416	56
1417	56
1418	56
1419	37
1420	56
1421	37
1422	39
1423	56
1424	56
1425	56
1426	56
1427	39
1428	56
1429	56
1430	56
1431	39
1432	56
1433	56
1434	39
1435	56
1436	56
1437	56
1438	56
1439	56
1440	39
1441	56
1442	39
1443	56
1444	56
1445	60
1446	56
1447	56
1448	56
1449	39
1450	56
1451	56
1452	56
1453	56
1454	39
1455	56
1456	56
1457	56
1458	56
1459	39
1460	39
1461	56
1462	39
1463	56
1464	56
1465	56
1466	39
1467	56
1468	56
1469	39
1470	56
1471	56
1472	56
1473	39
1474	56
1475	56
1476	56
1477	56
1478	56
1479	39
1480	56
1481	39
1482	56
1483	56
1484	56
1485	56
1486	39
1487	56
1488	56
1489	39
1490	39
1491	39
1492	39
1493	39
1494	56
1495	56
1496	56
1497	60
1498	39
1499	39
1500	39
1501	56
1502	56
1503	56
1504	39
1505	56
1506	39
1507	56
1508	56
1509	39
1510	56
1511	39
1512	56
1513	56
1514	56
1515	56
1516	56
1517	39
1518	56
1519	56
1520	56
1521	56
1522	56
1523	56
1524	18
1525	56
1526	56
1527	56
1528	56
1529	56
1530	56
1531	39
1532	56
1533	56
1534	56
1535	56
1536	39
1537	56
1538	56
1539	56
1540	56
1541	56
1542	56
1543	56
1544	56
1545	56
1546	56
1547	39
1548	56
1549	39
1550	56
1551	56
1552	56
1553	56
1554	56
1555	39
1556	56
1557	56
1558	56
1559	39
1560	56
1561	39
1562	56
1563	39
1564	56
1565	56
1566	56
1567	56
1568	56
1569	56
1570	56
1571	56
1572	56
1573	56
1574	56
1575	56
1576	56
1577	56
1578	56
1579	39
1580	56
1581	39
1582	56
1583	39
1584	39
1585	56
1586	56
1587	39
1588	39
1589	39
1590	39
1591	56
1592	39
1593	39
1594	37
1595	39
1596	56
1597	56
1598	56
1599	56
1600	39
1601	56
1602	56
1603	56
1604	56
1605	56
1606	56
1607	56
1608	56
1609	56
1610	56
1611	56
1612	39
1613	56
1614	56
1615	56
1616	56
1617	56
1618	56
1619	56
1620	56
1621	56
1622	56
1623	56
1624	39
1625	56
1626	56
1627	56
1628	56
1629	39
1630	56
1631	56
1632	39
1633	39
1634	56
1635	56
1636	60
1637	39
1638	56
1639	39
1640	60
1641	56
1642	56
1643	56
1644	60
1645	56
1646	56
1647	56
1648	56
1649	56
1650	56
1651	39
1652	39
1653	56
1654	56
1655	56
1656	56
1657	56
1658	39
1659	37
1660	56
1661	56
1662	56
1663	60
1664	56
1665	56
1666	56
1667	39
1668	56
1669	39
1670	56
1671	39
1672	56
1673	56
1674	56
1675	56
1676	56
1677	56
1678	56
1679	56
1680	56
1681	56
1682	56
1683	56
1684	60
1685	39
1686	39
1687	56
1688	56
1689	56
1690	56
1691	56
1692	56
1693	56
1694	56
1695	56
1696	56
1697	39
1698	39
1699	56
1700	39
1701	56
1702	56
1703	56
1704	39
1705	39
1706	56
1707	39
1708	39
1709	56
1710	56
1711	56
1712	56
1713	39
1714	56
1715	56
1716	56
1717	56
1718	39
1719	56
1720	56
1721	39
1722	56
1723	56
1724	56
1725	39
1726	56
1727	56
1728	56
1729	56
1730	39
1731	56
1732	56
1733	56
1734	39
1735	56
1736	39
1737	56
1738	56
1739	56
1740	56
1741	56
1742	56
1743	56
1744	56
1745	56
1746	56
1747	56
1748	56
1749	56
1750	39
1751	56
1752	56
1753	39
1754	56
1755	39
1756	39
1757	56
1758	56
1759	56
1760	56
1761	56
1762	39
1763	60
1764	56
1765	39
1766	56
1767	56
1768	39
1769	56
1770	39
1771	56
1772	39
1773	39
1774	56
1775	56
1776	56
1777	39
1778	56
1779	56
1780	56
1781	56
1782	56
1783	56
1784	56
1785	39
1786	56
1787	56
1788	39
1789	56
1790	39
1791	56
1792	56
1793	56
1794	39
1795	56
1796	56
1797	56
1798	56
1799	39
1800	56
1801	56
1802	56
1803	39
1804	56
1805	56
1806	56
1807	56
1808	56
1809	56
1810	56
1811	56
1812	39
1813	56
1814	56
1815	56
1816	56
1817	56
1818	56
1819	39
1820	56
1821	56
1822	37
1823	56
1824	56
1825	37
1826	56
1827	56
1828	56
1829	56
1830	56
1831	56
1832	56
1833	56
1834	60
1835	56
1836	56
1837	56
1838	37
1839	56
1840	56
1841	56
1842	56
1843	56
1844	56
1845	56
1846	56
1847	56
1848	56
1849	60
1850	60
1851	56
1852	56
1853	56
1854	56
1855	56
1856	56
1857	56
1858	56
1859	56
1860	56
1861	39
1862	56
1863	56
1864	56
1865	56
1866	56
1867	56
1868	56
1869	56
1870	56
1871	56
1872	56
1873	56
1874	56
1875	39
1876	56
1877	39
1878	56
1879	39
1880	56
1881	56
1882	56
1883	56
1884	39
1885	60
1886	56
1887	56
1888	56
1889	39
1890	56
1891	39
1892	56
1893	56
1894	60
1895	56
1896	56
1897	39
1898	56
1899	56
1900	56
1901	39
1902	56
1903	39
1904	39
1905	56
1906	56
1907	39
1908	39
1909	60
1910	39
1911	56
1912	56
1913	56
1914	56
1915	39
1916	56
1917	56
1918	56
1919	56
1920	37
1921	56
1922	56
1923	56
1924	56
1925	56
1926	56
1927	56
1928	56
1929	56
1930	56
1931	56
1932	39
1933	56
1934	39
1935	39
1936	39
1937	56
1938	56
1939	56
1940	56
1941	56
1942	60
1943	56
1944	39
1945	60
1946	56
1947	56
1948	56
1949	56
1950	56
1951	56
1952	39
1953	56
1954	56
1955	39
1956	39
1957	39
1958	56
1959	56
1960	56
1961	60
1962	56
1963	56
1964	56
1965	56
1966	56
1967	56
1968	56
1969	56
1970	56
1971	56
1972	56
1973	39
1974	56
1975	56
1976	56
1977	56
1978	56
1979	56
1980	56
1981	56
1982	56
1983	39
1984	56
1985	56
1986	56
1987	56
1988	56
1989	56
1990	56
1991	56
1992	39
1993	39
1994	56
1995	56
1996	56
1997	56
1998	56
1999	56
2000	39
2001	56
2002	56
2003	56
2004	39
2005	56
2006	56
2007	56
2008	56
2009	56
2010	60
2011	56
2012	39
2013	56
2014	39
2015	56
2016	56
2017	56
2018	56
2019	60
2020	56
2021	56
2022	56
2023	56
2024	56
2025	56
2026	39
2027	56
2028	56
2029	56
2030	56
2031	56
2032	39
2033	56
2034	56
2035	56
2036	56
2037	60
2038	56
2039	39
2040	56
2041	56
2042	56
2043	39
2044	56
2045	56
2046	56
2047	39
2048	56
2049	56
2050	56
2051	56
2052	56
2053	56
2054	60
2055	39
2056	56
2057	56
2058	56
2059	56
2060	56
2061	56
2062	56
2063	56
2064	56
2065	56
2066	56
2067	56
2068	56
2069	39
2070	39
2071	56
2072	56
2073	56
2074	39
2075	56
2076	56
2077	39
2078	56
2079	39
2080	56
2081	17
2082	56
2083	56
2084	56
2085	56
2086	56
2087	56
2088	56
2089	56
2090	56
2091	56
2092	39
2093	56
2094	39
2095	56
2096	56
2097	39
2098	56
2099	56
2100	56
2101	56
2102	39
2103	56
2104	56
2105	56
2106	56
2107	56
2108	56
2109	56
2110	39
2111	56
2112	56
2113	56
2114	39
2115	56
2116	56
2117	56
2118	56
2119	56
2120	56
2121	60
2122	56
2123	56
2124	39
2125	56
2126	56
2127	56
2128	56
2129	39
2130	56
2131	56
2132	56
2133	56
2134	56
2135	17
2136	56
2137	39
2138	39
2139	56
2140	56
2141	56
2142	39
2143	56
2144	56
2145	56
2146	56
2147	39
2148	56
2149	39
2150	56
2151	56
2152	56
2153	56
2154	56
2155	56
2156	56
2157	56
2158	56
2159	39
2160	56
2161	56
2162	56
2163	56
2164	56
2165	56
2166	56
2167	56
2168	56
2169	56
2170	56
2171	60
2172	56
2173	56
2174	56
2175	37
2176	56
2177	56
2178	39
2179	56
2180	56
2181	56
2182	56
2183	56
2184	56
2185	56
2186	56
2187	56
2188	56
2189	60
2190	56
2191	56
2192	56
2193	56
2194	56
2195	56
2196	56
2197	56
2198	56
2199	56
2200	56
2201	39
2202	56
2203	56
2204	56
2205	56
2206	56
2207	56
2208	56
2209	56
2210	56
2211	56
2212	39
2213	56
2214	56
2215	56
2216	56
2217	56
2218	39
2219	56
2220	39
2221	56
2222	56
2223	56
2224	56
2225	39
2226	56
2227	56
2228	56
2229	56
2230	39
2231	60
2232	56
2233	56
2234	56
2235	56
2236	39
2237	56
2238	56
2239	56
2240	56
2241	56
2242	56
2243	39
2244	39
2245	56
2246	56
2247	56
2248	56
2249	56
2250	56
2251	56
2252	56
2253	56
2254	56
2255	56
2256	56
2257	56
2258	39
2259	56
2260	56
2261	39
2262	56
2263	56
2264	56
2265	60
2266	56
2267	56
2268	56
2269	39
2270	56
2271	39
2272	56
2273	56
2274	56
2275	56
2276	56
2277	56
2278	56
2279	39
2280	39
2281	39
2282	56
2283	39
2284	56
2285	39
2286	56
2287	56
2288	56
2289	56
2290	56
2291	56
2292	56
2293	39
2294	56
2295	39
2296	56
2297	56
2298	56
2299	56
2300	56
2301	56
2302	56
2303	56
2304	56
2305	56
2306	56
2307	56
2308	39
2309	56
2310	56
2311	56
2312	56
2313	37
2314	56
2315	56
2316	56
2317	56
2318	56
2319	56
2320	39
2321	60
2322	39
2323	56
2324	56
2325	39
2326	56
2327	56
2328	56
2329	56
2330	56
2331	56
2332	39
2333	56
2334	56
2335	56
2336	56
2337	39
2338	56
2339	56
2340	56
2341	56
2342	56
2343	39
2344	56
2345	39
2346	56
2347	39
2348	56
2349	56
2350	56
2351	56
2352	39
2353	39
2354	39
2355	56
2356	56
2357	39
2358	56
2359	56
2360	56
2361	56
2362	39
2363	56
2364	56
2365	56
2366	39
2367	56
2368	56
2369	56
2370	39
2371	39
2372	56
2373	56
2374	56
2375	56
2376	56
2377	37
2378	56
2379	56
2380	56
2381	56
2382	56
2383	60
2384	56
2385	56
2386	39
2387	39
2388	56
2389	56
2390	56
2391	56
2392	39
2393	37
2394	60
2395	56
2396	56
2397	56
2398	56
2399	56
2400	56
2401	56
2402	39
2403	56
2404	39
2405	39
2406	56
2407	56
2408	56
2409	56
2410	56
2411	56
2412	56
2413	56
2414	56
2415	56
2416	39
2417	56
2418	56
2419	56
2420	56
2421	56
2422	56
2423	39
2424	56
2425	39
2426	56
2427	39
2428	60
2429	56
2430	56
2431	56
2432	60
2433	56
2434	56
2435	56
2436	56
2437	56
2438	56
2439	56
2440	56
2441	56
2442	56
2443	56
2444	56
2445	56
2446	60
2447	56
2448	56
2449	56
2450	39
2451	56
2452	60
2453	56
2454	60
2455	56
2456	39
2457	56
2458	60
2459	56
2460	56
2461	56
2462	56
2463	56
2464	56
2465	56
2466	56
2467	56
2468	39
2469	6
2470	56
2471	56
2472	56
2473	56
2474	56
2475	39
2476	56
2477	56
2478	56
2479	56
2480	56
2481	56
2482	56
2483	56
2484	56
2485	39
2486	56
2487	37
2488	56
2489	39
2490	56
2491	56
2492	56
2493	56
2494	56
2495	56
2496	56
2497	39
2498	56
2499	56
2500	56
2501	56
2502	56
2503	39
2504	56
2505	56
2506	39
2507	56
2508	56
2509	56
2510	56
2511	39
2512	56
2513	39
2514	56
2515	60
2516	39
2517	56
2518	56
2519	56
2520	56
2521	56
2522	56
2523	56
2524	56
2525	56
2526	56
2527	56
2528	56
2529	56
2530	39
2531	56
2532	56
2533	56
2534	56
2535	39
2536	56
2537	56
2538	56
2539	56
2540	56
2541	56
2542	39
2543	39
2544	39
2545	56
2546	39
2547	39
2548	56
2549	56
2550	56
2551	39
2552	56
2553	56
2554	39
2555	56
2556	56
2557	60
2558	56
2559	37
2560	56
2561	56
2562	56
2563	39
2564	56
2565	56
2566	39
2567	39
2568	56
2569	39
2570	56
2571	39
2572	56
2573	39
2574	56
2575	56
2576	56
2577	56
2578	56
2579	56
2580	56
2581	39
2582	56
2583	56
2584	56
2585	56
2586	56
2587	56
2588	56
2589	56
2590	56
2591	56
2592	39
2593	39
2594	56
2595	56
2596	39
2597	56
2598	56
2599	39
2600	56
2601	56
2602	56
2603	39
2604	56
2605	56
2606	56
2607	56
2608	39
2609	56
2610	39
2611	56
2612	56
2613	56
2614	56
2615	56
2616	56
2617	39
2618	56
2619	39
2620	56
2621	56
2622	56
2623	56
2624	56
2625	39
2626	56
2627	56
2628	56
2629	56
2630	56
2631	56
2632	39
2633	39
2634	56
2635	56
2636	39
2637	39
2638	56
2639	56
2640	56
2641	56
2642	56
2643	56
2644	56
2645	39
2646	56
2647	56
2648	39
2649	56
2650	56
2651	56
2652	6
2653	56
2654	39
2655	56
2656	35
2657	56
2658	56
2659	56
2660	56
2661	56
2662	60
2663	56
2664	56
2665	56
2666	39
2667	56
2668	56
2669	56
2670	56
2671	56
2672	56
2673	56
2674	56
2675	39
2676	56
2677	56
2678	56
2679	56
2680	56
2681	56
2682	60
2683	56
2684	56
2685	56
2686	56
2687	56
2688	56
2689	56
2690	56
2691	56
2692	56
2693	56
2694	56
2695	56
2696	56
2697	56
2698	56
2699	56
2700	17
2701	56
2702	56
2703	56
2704	56
2705	39
2706	56
2707	56
2708	56
2709	56
2710	56
2711	56
2712	56
2713	56
2714	56
2715	56
2716	56
2717	37
2718	39
2719	39
2720	56
2721	56
2722	56
2723	56
2724	56
2725	56
2726	56
2727	56
2728	39
2729	56
2730	56
2731	56
2732	56
2733	56
2734	56
2735	56
2736	56
2737	56
2738	56
2739	56
2740	56
2741	56
2742	56
2743	56
2744	39
2745	56
2746	56
2747	56
2748	56
2749	56
2750	56
2751	56
2752	39
2753	39
2754	56
2755	60
2756	60
2757	56
2758	56
2759	56
2760	39
2761	56
2762	56
2763	56
2764	56
2765	39
2766	56
2767	56
2768	56
2769	56
2770	56
2771	56
2772	56
2773	56
2774	39
2775	56
2776	60
2777	56
2778	56
2779	39
2780	56
2781	56
2782	56
2783	56
2784	56
2785	56
2786	60
2787	56
2788	56
2789	6
2790	39
2791	56
2792	56
2793	56
2794	56
2795	56
2796	39
2797	39
2798	39
2799	56
2800	56
2801	56
2802	56
2803	56
2804	56
2805	56
2806	17
2807	39
2808	56
2809	56
2810	56
2811	39
2812	56
2813	56
2814	39
2815	56
2816	56
2817	56
2818	56
2819	56
2820	56
2821	37
2822	56
2823	56
2824	56
2825	60
2826	56
2827	56
2828	39
2829	39
2830	56
2831	56
2832	56
2833	56
2834	56
2835	56
2836	56
2837	56
2838	56
2839	56
2840	56
2841	56
2842	56
2843	56
2844	56
2845	56
2846	56
2847	39
2848	39
2849	56
2850	56
2851	39
2852	56
2853	56
2854	56
2855	56
2856	56
2857	56
2858	56
2859	56
2860	56
2861	56
2862	56
2863	56
2864	56
2865	39
2866	56
2867	39
2868	56
2869	56
2870	56
2871	39
2872	56
2873	39
2874	56
2875	56
2876	56
2877	56
2878	56
2879	56
2880	56
2881	56
2882	56
2883	60
2884	56
2885	56
2886	56
2887	56
2888	56
2889	39
2890	39
2891	56
2892	56
2893	56
2894	39
2895	39
2896	56
2897	56
2898	56
2899	56
2900	56
2901	56
2902	39
2903	60
2904	56
2905	60
2906	56
2907	56
2908	56
2909	56
2910	56
2911	39
2912	56
2913	56
2914	56
2915	39
2916	56
2917	56
2918	39
2919	39
2920	56
2921	56
2922	56
2923	39
2924	56
2925	56
2926	56
2927	56
2928	56
2929	56
2930	56
2931	56
2932	56
2933	56
2934	39
2935	56
2936	39
2937	56
2938	56
2939	56
2940	56
2941	56
2942	56
2943	56
2944	56
2945	56
2946	39
2947	56
2948	56
2949	39
2950	56
2951	56
2952	39
2953	39
2954	60
2955	56
2956	39
2957	56
2958	56
2959	39
2960	56
2961	56
2962	56
2963	56
2964	56
2965	56
2966	39
2967	56
2968	56
2969	56
2970	56
2971	56
2972	56
2973	39
2974	56
2975	56
2976	56
2977	56
2978	56
2979	39
2980	56
2981	56
2982	39
2983	56
2984	56
2985	56
2986	56
2987	56
2988	56
2989	56
2990	39
2991	56
2992	39
2993	56
2994	56
2995	56
2996	56
2997	39
2998	56
2999	56
3000	56
3001	56
3002	56
3003	56
3004	56
3005	60
3006	56
3007	39
3008	56
3009	56
3010	56
3011	56
3012	56
3013	56
3014	56
3015	56
3016	56
3017	56
3018	56
3019	39
3020	39
3021	56
3022	56
3023	56
3024	56
3025	56
3026	39
3027	56
3028	56
3029	56
3030	39
3031	56
3032	56
3033	39
3034	56
3035	60
3036	39
3037	56
3038	56
3039	56
3040	39
3041	56
3042	39
3043	17
3044	39
3045	56
3046	56
3047	39
3048	39
3049	56
3050	39
3051	56
3052	56
3053	39
3054	56
3055	56
3056	56
3057	56
3058	56
3059	56
3060	39
3061	56
3062	56
3063	56
3064	39
3065	56
3066	39
3067	56
3068	56
3069	56
3070	39
3071	56
3072	56
3073	56
3074	56
3075	56
3076	56
3077	56
3078	56
3079	56
3080	56
3081	56
3082	56
3083	56
3084	56
3085	56
3086	56
3087	56
3088	56
3089	39
3090	56
3091	56
3092	56
3093	56
3094	56
3095	56
3096	56
3097	39
3098	56
3099	56
3100	56
3101	56
3102	56
3103	56
3104	56
3105	56
3106	56
3107	39
3108	56
3109	39
3110	39
3111	60
3112	56
3113	56
3114	56
3115	56
3116	39
3117	56
3118	56
3119	39
3120	56
3121	56
3122	56
3123	39
3124	56
3125	56
3126	39
3127	39
3128	56
3129	56
3130	56
3131	56
3132	56
3133	56
3134	56
3135	56
3136	56
3137	56
3138	56
3139	56
3140	60
3141	56
3142	60
3143	56
3144	39
3145	56
3146	56
3147	39
3148	6
3149	56
3150	56
3151	60
3152	56
3153	56
3154	39
3155	60
3156	56
3157	39
3158	56
3159	56
3160	39
3161	56
3162	39
3163	56
3164	56
3165	56
3166	56
3167	60
3168	56
3169	60
3170	56
3171	56
3172	56
3173	56
3174	56
3175	56
3176	39
3177	56
3178	56
3179	56
3180	56
3181	39
3182	56
3183	56
3184	56
3185	56
3186	39
3187	56
3188	60
3189	56
3190	56
3191	56
3192	56
3193	56
3194	56
3195	39
3196	56
3197	56
3198	39
3199	56
3200	56
3201	56
3202	39
3203	56
3204	56
3205	56
3206	39
3207	56
3208	56
3209	56
3210	56
3211	56
3212	56
3213	56
3214	56
3215	56
3216	56
3217	56
3218	56
3219	56
3220	56
3221	56
3222	56
3223	56
3224	56
3225	56
3226	56
3227	56
3228	56
3229	39
3230	56
3231	60
3232	39
3233	56
3234	56
3235	56
3236	56
3237	56
3238	56
3239	39
3240	56
3241	39
3242	56
3243	56
3244	56
3245	56
3246	56
3247	56
3248	39
3249	56
3250	56
3251	56
3252	39
3253	56
3254	56
3255	39
3256	60
3257	56
3258	56
3259	56
3260	56
3261	56
3262	56
3263	56
3264	56
3265	39
3266	56
3267	56
3268	56
3269	56
3270	56
3271	56
3272	56
3273	56
3274	56
3275	56
3276	56
3277	56
3278	56
3279	56
3280	39
3281	56
3282	37
3283	56
3284	56
3285	56
3286	56
3287	39
3288	56
3289	56
3290	56
3291	39
3292	56
3293	39
3294	56
3295	56
3296	39
3297	56
3298	56
3299	56
3300	37
3301	39
3302	56
3303	56
3304	39
3305	56
3306	60
3307	56
3308	56
3309	56
3310	56
3311	39
3312	39
3313	56
3314	56
3315	56
3316	39
3317	56
3318	56
3319	39
3320	56
3321	56
3322	56
3323	39
3324	56
3325	56
3326	56
3327	39
3328	56
3329	56
3330	60
3331	56
3332	56
3333	56
3334	39
3335	56
3336	56
3337	56
3338	56
3339	56
3340	39
3341	39
3342	56
3343	39
3344	39
3345	56
3346	56
3347	56
3348	56
3349	39
3350	56
3351	56
3352	56
3353	39
3354	56
3355	39
3356	56
3357	39
3358	56
3359	39
3360	56
3361	56
3362	56
3363	39
3364	56
3365	56
3366	56
3367	56
3368	39
3369	56
3370	56
3371	56
3372	56
3373	56
3374	39
3375	56
3376	39
3377	56
3378	37
3379	56
3380	39
3381	39
3382	39
3383	56
3384	56
3385	56
3386	56
3387	56
3388	39
3389	56
3390	39
3391	56
3392	56
3393	39
3394	56
3395	56
3396	56
3397	39
3398	56
3399	56
3400	56
3401	56
3402	56
3403	60
3404	56
3405	39
3406	56
3407	56
3408	56
3409	56
3410	17
3411	56
3412	56
3413	56
3414	56
3415	56
3416	56
3417	39
3418	56
3419	56
3420	39
3421	39
3422	56
3423	56
3424	56
3425	56
3426	39
3427	56
3428	56
3429	56
3430	39
3431	39
3432	60
3433	39
3434	56
3435	56
3436	39
3437	56
3438	56
3439	56
3440	39
3441	56
3442	56
3443	56
3444	60
3445	56
3446	56
3447	56
3448	56
3449	39
3450	56
3451	39
3452	56
3453	56
3454	56
3455	56
3456	56
3457	56
3458	56
3459	56
3460	56
3461	56
3462	56
3463	56
3464	56
3465	56
3466	56
3467	56
3468	39
3469	56
3470	56
3471	56
3472	39
3473	56
3474	56
3475	56
3476	39
3477	56
3478	39
3479	56
3480	56
3481	56
3482	56
3483	56
3484	56
3485	56
3486	39
3487	56
3488	60
3489	56
3490	56
3491	56
3492	39
3493	56
3494	39
3495	56
3496	56
3497	56
3498	56
3499	56
3500	39
3501	39
3502	56
3503	56
3504	56
3505	56
3506	56
3507	60
3508	39
3509	56
3510	60
3511	39
3512	56
3513	56
3514	56
3515	56
3516	56
3517	56
3518	56
3519	39
3520	56
3521	56
3522	56
3523	56
3524	56
3525	56
3526	60
3527	56
3528	56
3529	39
3530	56
3531	56
3532	39
3533	56
3534	56
3535	56
3536	39
3537	39
3538	39
3539	56
3540	60
3541	56
3542	37
3543	56
3544	39
3545	56
3546	39
3547	56
3548	56
3549	56
3550	56
3551	39
3552	39
3553	39
3554	56
3555	60
3556	56
3557	56
3558	56
3559	56
3560	56
3561	56
3562	56
3563	56
3564	56
3565	60
3566	39
3567	56
3568	56
3569	56
3570	56
3571	56
3572	56
3573	56
3574	56
3575	56
3576	56
3577	56
3578	39
3579	56
3580	56
3581	56
3582	56
3583	56
3584	56
3585	56
3586	56
3587	56
3588	56
3589	56
3590	56
3591	56
3592	39
3593	39
3594	56
3595	39
3596	39
3597	39
3598	56
3599	56
3600	56
3601	56
3602	56
3603	39
3604	39
3605	56
3606	56
3607	56
3608	60
3609	56
3610	56
3611	56
3612	56
3613	56
3614	56
3615	56
3616	56
3617	56
3618	56
3619	56
3620	60
3621	39
3622	56
3623	56
3624	56
3625	39
3626	56
3627	39
3628	56
3629	56
3630	39
3631	56
3632	56
3633	56
3634	39
3635	39
3636	56
3637	56
3638	60
3639	60
3640	56
3641	56
3642	56
3643	39
3644	39
3645	56
3646	56
3647	56
3648	56
3649	56
3650	56
3651	56
3652	39
3653	56
3654	56
3655	56
3656	56
3657	56
3658	39
3659	56
3660	39
3661	60
3662	56
3663	56
3664	56
3665	56
3666	60
3667	56
3668	56
3669	56
3670	56
3671	56
3672	56
3673	39
3674	56
3675	56
3676	56
3677	56
3678	20
3679	56
3680	56
3681	56
3682	60
3683	56
3684	56
3685	56
3686	56
3687	56
3688	56
3689	56
3690	56
3691	56
3692	60
3693	56
3694	56
3695	56
3696	56
3697	56
3698	56
3699	39
3700	56
3701	56
3702	56
3703	56
3704	56
3705	56
3706	56
3707	56
3708	56
3709	56
3710	56
3711	56
3712	56
3713	56
3714	56
3715	39
3716	39
3717	56
3718	56
3719	56
3720	56
3721	56
3722	56
3723	56
3724	56
3725	56
3726	56
3727	39
3728	56
3729	56
3730	39
3731	56
3732	56
3733	37
3734	56
3735	56
3736	56
3737	56
3738	56
3739	56
3740	56
3741	60
3742	39
3743	56
3744	56
3745	56
3746	39
3747	56
3748	39
3749	56
3750	56
3751	56
3752	39
3753	56
3754	60
3755	56
3756	56
3757	56
3758	39
3759	56
3760	56
3761	56
3762	56
3763	56
3764	56
3765	56
3766	56
3767	56
3768	56
3769	56
3770	56
3771	56
3772	39
3773	56
3774	39
3775	56
3776	37
3777	56
3778	56
3779	56
3780	56
3781	56
3782	56
3783	56
3784	56
3785	39
3786	56
3787	56
3788	56
3789	56
3790	56
3791	39
3792	56
3793	56
3794	56
3795	56
3796	56
3797	56
3798	39
3799	56
3800	56
3801	56
3802	39
3803	56
3804	56
3805	56
3806	39
3807	56
3808	60
3809	56
3810	56
3811	6
3812	56
3813	56
3814	56
3815	56
3816	56
3817	56
3818	56
3819	56
3820	60
3821	56
3822	56
3823	56
3824	56
3825	56
3826	56
3827	56
3828	56
3829	56
3830	56
3831	56
3832	56
3833	56
3834	56
3835	56
3836	56
3837	56
3838	56
3839	56
3840	56
3841	56
3842	56
3843	56
3844	56
3845	56
3846	56
3847	39
3848	56
3849	56
3850	56
3851	56
3852	56
3853	56
3854	56
3855	56
3856	56
3857	56
3858	56
3859	56
3860	56
3861	39
3862	56
3863	39
3864	56
3865	56
3866	56
3867	56
3868	60
3869	56
3870	56
3871	56
3872	39
3873	39
3874	56
3875	56
3876	56
3877	56
3878	56
3879	39
3880	56
3881	56
3882	60
3883	56
3884	56
3885	56
3886	56
3887	56
3888	39
3889	56
3890	39
3891	56
3892	56
3893	56
3894	56
3895	56
3896	56
3897	56
3898	56
3899	56
3900	37
3901	60
3902	56
3903	60
3904	39
3905	56
3906	56
3907	56
3908	56
3909	39
3910	56
3911	56
3912	56
3913	56
3914	56
3915	56
3916	56
3917	39
3918	56
3919	56
3920	56
3921	56
3922	56
3923	56
3924	56
3925	56
3926	39
3927	56
3928	56
3929	56
3930	56
3931	56
3932	56
3933	56
3934	56
3935	56
3936	39
3937	56
3938	39
3939	56
3940	56
3941	56
3942	56
3943	39
3944	56
3945	56
3946	39
3947	56
3948	56
3949	56
3950	39
3951	56
3952	56
3953	56
3954	56
3955	56
3956	56
3957	56
3958	56
3959	56
3960	39
3961	56
3962	56
3963	56
3964	56
3965	60
3966	56
3967	56
3968	56
3969	56
3970	56
3971	39
3972	56
3973	56
3974	56
3975	56
3976	56
3977	56
3978	56
3979	56
3980	60
3981	56
3982	56
3983	56
3984	56
3985	39
3986	56
3987	56
3988	56
3989	56
3990	56
3991	56
3992	56
3993	56
3994	56
3995	56
3996	56
3997	56
3998	56
3999	56
4000	56
4001	56
4002	56
4003	56
4004	56
4005	39
4006	39
4007	56
4008	39
4009	56
4010	56
4011	56
4012	56
4013	56
4014	56
4015	56
4016	56
4017	56
4018	56
4019	39
4020	60
4021	39
4022	56
4023	56
4024	56
4025	56
4026	56
4027	60
4028	56
4029	39
4030	56
4031	56
4032	56
4033	56
4034	56
4035	56
4036	56
4037	56
4038	56
4039	56
4040	56
4041	39
4042	56
4043	56
4044	39
4045	56
4046	56
4047	56
4048	56
4049	56
4050	56
4051	56
4052	56
4053	56
4054	39
4055	39
4056	56
4057	56
4058	56
4059	56
4060	56
4061	39
4062	39
4063	56
4064	56
4065	56
4066	56
4067	39
4068	56
4069	56
4070	56
4071	56
4072	56
4073	56
4074	39
4075	39
4076	56
4077	56
4078	39
4079	56
4080	56
4081	56
4082	39
4083	56
4084	56
4085	56
4086	56
4087	56
4088	56
4089	56
4090	56
4091	56
4092	56
4093	56
4094	39
4095	56
4096	56
4097	56
4098	56
4099	56
4100	56
4101	39
4102	56
4103	56
4104	56
4105	56
4106	56
4107	56
4108	39
4109	56
4110	56
4111	56
4112	39
4113	56
4114	56
4115	56
4116	56
4117	56
4118	56
4119	56
4120	56
4121	56
4122	56
4123	56
4124	56
4125	56
4126	39
4127	56
4128	56
4129	56
4130	56
4131	56
4132	56
4133	39
4134	56
4135	56
4136	39
4137	45
4138	56
4139	56
4140	56
4141	56
4142	56
4143	56
4144	56
4145	39
4146	39
4147	56
4148	56
4149	56
4150	56
4151	56
4152	56
4153	56
4154	39
4155	56
4156	56
4157	60
4158	56
4159	56
4160	56
4161	39
4162	39
4163	56
4164	56
4165	56
4166	56
4167	60
4168	56
4169	56
4170	39
4171	56
4172	56
4173	56
4174	56
4175	56
4176	56
4177	56
4178	56
4179	56
4180	56
4181	56
4182	39
4183	56
4184	56
4185	56
4186	56
4187	37
4188	60
4189	56
4190	60
4191	56
4192	39
4193	56
4194	56
4195	56
4196	56
4197	56
4198	56
4199	56
4200	56
4201	56
4202	56
4203	56
4204	60
4205	56
4206	56
4207	56
4208	39
4209	56
4210	56
4211	56
4212	39
4213	39
4214	56
4215	39
4216	56
4217	60
4218	56
4219	56
4220	56
4221	56
4222	39
4223	39
4224	56
4225	56
4226	56
4227	39
4228	56
4229	56
4230	56
4231	56
4232	56
4233	56
4234	56
4235	56
4236	56
4237	56
4238	60
4239	39
4240	56
4241	39
4242	56
4243	56
4244	56
4245	56
4246	56
4247	56
4248	56
4249	56
4250	56
4251	56
4252	56
4253	56
4254	39
4255	56
4256	56
4257	56
4258	39
4259	39
4260	60
4261	56
4262	56
4263	39
4264	39
4265	56
4266	56
4267	56
4268	39
4269	56
4270	56
4271	56
4272	56
4273	56
4274	56
4275	56
4276	56
4277	56
4278	56
4279	56
4280	56
4281	39
4282	56
4283	56
4284	60
4285	56
4286	56
4287	56
4288	56
4289	56
4290	56
4291	39
4292	56
4293	56
4294	56
4295	56
4296	56
4297	56
4298	56
4299	56
4300	56
4301	39
4302	39
4303	56
4304	56
4305	56
4306	56
4307	56
4308	56
4309	56
4310	56
4311	39
4312	56
4313	60
4314	56
4315	39
4316	39
4317	39
4318	56
4319	56
4320	56
4321	56
4322	56
4323	56
4324	39
4325	56
4326	56
4327	56
4328	39
4329	39
4330	56
4331	56
4332	56
4333	56
4334	56
4335	56
4336	56
4337	56
4338	56
4339	39
4340	56
4341	56
4342	56
4343	56
4344	56
4345	56
4346	56
4347	56
4348	56
4349	56
4350	56
4351	39
4352	56
4353	56
4354	56
4355	56
4356	56
4357	56
4358	39
4359	56
4360	60
4361	56
4362	56
4363	39
4364	56
4365	56
4366	56
4367	39
4368	56
4369	56
4370	56
4371	56
4372	56
4373	56
4374	56
4375	56
4376	56
4377	56
4378	56
4379	56
4380	56
4381	56
4382	39
4383	56
4384	56
4385	56
4386	56
4387	56
4388	56
4389	56
4390	56
4391	56
4392	39
4393	56
4394	56
4395	56
4396	56
4397	56
4398	60
4399	56
4400	56
4401	56
4402	39
4403	56
4404	56
4405	56
4406	56
4407	56
4408	56
4409	56
4410	56
4411	56
4412	39
4413	39
4414	56
4415	56
4416	56
4417	56
4418	39
4419	56
4420	56
4421	56
4422	56
4423	56
4424	56
4425	56
4426	56
4427	56
4428	56
4429	39
4430	39
4431	56
4432	56
4433	37
4434	56
4435	56
4436	39
4437	56
4438	39
4439	56
4440	56
4441	56
4442	56
4443	56
4444	56
4445	39
4446	56
4447	56
4448	56
4449	56
4450	56
4451	56
4452	56
4453	56
4454	56
4455	56
4456	56
4457	56
4458	39
4459	56
4460	56
4461	56
4462	56
4463	56
4464	39
4465	56
4466	56
4467	56
4468	56
4469	56
4470	56
4471	56
4472	39
4473	56
4474	56
4475	56
4476	56
4477	56
4478	56
4479	56
4480	39
4481	56
4482	56
4483	39
4484	56
4485	60
4486	37
4487	56
4488	56
4489	56
4490	56
4491	56
4492	56
4493	56
4494	56
4495	56
4496	56
4497	60
4498	56
4499	39
4500	39
4501	56
4502	56
4503	39
4504	56
4505	39
4506	37
4507	56
4508	56
4509	56
4510	56
4511	39
4512	56
4513	56
4514	39
4515	56
4516	56
4517	39
4518	56
4519	56
4520	60
4521	56
4522	56
4523	56
4524	56
4525	60
4526	39
4527	56
4528	56
4529	56
4530	56
4531	56
4532	56
4533	56
4534	56
4535	39
4536	56
4537	56
4538	39
4539	56
4540	56
4541	56
4542	39
4543	56
4544	56
